$.beginset = 5 //Начало множества примеров
$.testset = 6 //Разделение обучающего и тестового множеств
$.validset = 6 //Разделение тестового и валидационного множеств
$.endset = 6 //Конец множества примеров

$data.input
0;		1
1;		0
8;		12
12;		8
7;		6
6;		7
2;		5
5;		2
7;		5
5;		7
2.5;	5
5;		2.5
3;		2
2;		3
4;		2
2;		4
0;		8
8;		0
1;		4
4;		1
9;		11
11;		9
7;		7.5
7.5;	7
2;		9
9;		2
8;		5
5;		8
3;		7
7;		3
3;		8
8;		3
4;		7
7;		4
1;		3
3;		1
10;		0
0;		10
1;		9
9;		1

$data.output
1
1
12
12
7
7
5
5
7
7
5
5
3
3
4
4
8
8
4
4
11
11
7.5
7.5
9
9
8
8
7
7
8
8
7
7
3
3
10
10
9
9
