$.beginset = 0 //Начало множества примеров
$.testset = 20 //Разделение обучающего и тестового множеств
$.validset = 30 //Разделение тестового и валидационного множеств
$.endset = 30 //Конец множества примеров

$data.input
-1;			-1
-0.8;		-1
-1;			-0.8
-0.6;		-0.5
-0.7;		-0.6
-0.4;		-0.5
-0.5;		-0.3
-0.3;		-0.2
-0.2;		-0.1
-0.1;		0
0;			0
0.1;		0
0.1;		0.2
0.2;		0.3
0.4;		0.5
0.6;		0.3
0.6;		0.6
0.7;		0.8
0.9;		1
1;			1
0.5;		0.5
0.00999999;	0.00999999
0.1;		0.95
0.3;		0.3
-0.9;		-1
-0.2;		0.9
0.1;		-0.4
-0.9;		-0.3
0;			0.2
-0.34;		0

$data.output
8.000
8.130
6.480
4.910
5.380
5.206
3.943
3.708
3.342
2.980
3.000
2.980
2.260
1.902
1.206
1.390
0.730
0.340
0.036
0.000
1.063
2.960
0.985
1.808
8.036
0.942
4.900
3.416
2.280
2.782
